%Time [s]	CH1 [°C]	CH2 [°C]	CH3 [°C]	CH4 [°C]	CH5 [°C]	CH6 [°C]	CH7 [°C]	CH8 [°C]	3/14/2023	11:11 AM
0.0,10.7,9.9,9.9,9.6,10.1,9.8,10.4,10.0
10.0,10.7,9.9,9.9,9.6,10.0,9.8,10.4,10.0
20.0,10.7,9.9,9.9,9.6,10.0,9.8,10.4,10.0
30.0,10.7,9.9,9.9,9.6,10.0,9.8,10.4,10.0
40.0,10.6,9.9,9.9,9.6,10.0,9.8,10.4,10.0
50.0,10.6,9.9,9.8,9.6,10.0,9.7,10.3,10.0
60.0,10.6,9.9,9.8,9.6,10.0,9.7,10.3,9.9
70.0,10.6,9.9,9.8,9.5,10.0,9.7,10.3,10.0
80.0,10.6,9.8,9.8,9.5,10.0,9.7,10.3,10.0
90.0,10.6,9.8,9.8,9.5,10.0,9.8,10.4,10.1
100.0,10.6,9.8,9.8,9.6,10.0,9.9,10.5,10.3
110.0,10.5,9.8,9.8,9.6,10.0,9.9,10.6,10.4
120.0,10.5,9.9,9.9,9.7,10.1,10.1,10.7,10.6
130.0,10.6,9.9,9.9,9.8,10.2,10.2,10.8,10.8
140.0,10.6,9.9,10.0,9.9,10.3,10.4,11.0,11.0
150.0,10.6,10.0,10.1,10.0,10.4,10.5,11.1,11.2
160.0,10.6,10.0,10.2,10.1,10.5,10.7,11.3,11.5
170.0,10.6,10.1,10.2,10.2,10.7,10.8,11.5,11.7
180.0,10.7,10.2,10.4,10.3,10.8,11.0,11.7,11.9
190.0,10.7,10.3,10.5,10.5,11.0,11.2,11.8,12.1
200.0,10.8,10.3,10.5,10.6,11.1,11.4,12.0,12.3
210.0,10.8,10.4,10.6,10.7,11.2,11.5,12.2,12.5
220.0,10.9,10.5,10.7,10.9,11.4,11.7,12.3,12.7
230.0,10.9,10.6,10.9,11.0,11.5,11.9,12.5,12.9
240.0,10.9,10.6,10.9,11.1,11.6,12.0,12.7,13.1
250.0,11.0,10.7,11.0,11.2,11.8,12.2,12.8,13.3
260.0,11.0,10.8,11.1,11.3,11.9,12.3,13.0,13.5
270.0,11.1,10.9,11.2,11.5,12.0,12.5,13.2,13.6
280.0,11.1,10.9,11.3,11.6,12.1,12.6,13.3,13.8
290.0,11.2,11.0,11.4,11.7,12.3,12.8,13.4,13.9
300.0,11.2,11.1,11.5,11.8,12.4,12.9,13.6,14.1
310.0,11.3,11.1,11.6,11.9,12.5,13.0,13.7,14.3
320.0,11.3,11.2,11.6,11.9,12.6,13.1,13.8,14.4
330.0,11.4,11.3,11.7,12.0,12.7,13.2,14.0,14.5
340.0,11.4,11.3,11.8,12.1,12.8,13.4,14.1,14.7
350.0,11.4,11.4,11.9,12.2,12.9,13.5,14.2,14.8
360.0,11.5,11.5,12.0,12.3,13.0,13.6,14.3,14.9
370.0,11.5,11.5,12.0,12.4,13.1,13.7,14.4,15.0
380.0,11.6,11.5,12.1,12.5,13.2,13.8,14.5,15.1
390.0,11.6,11.6,12.1,12.5,13.2,13.9,14.6,15.2
400.0,11.6,11.7,12.2,12.6,13.3,13.9,14.7,15.3
410.0,11.7,11.7,12.2,12.6,13.4,14.0,14.8,15.4
420.0,11.7,11.7,12.3,12.7,13.5,14.1,14.9,15.5
430.0,11.7,11.8,12.3,12.8,13.5,14.2,15.0,15.6
440.0,11.8,11.8,12.4,12.8,13.6,14.3,15.1,15.7
450.0,11.8,11.8,12.4,12.9,13.7,14.3,15.1,15.8
460.0,11.8,11.9,12.5,12.9,13.7,14.4,15.2,15.9
470.0,11.9,11.9,12.5,13.0,13.8,14.5,15.3,16.0
480.0,11.9,12.0,12.6,13.0,13.9,14.5,15.4,16.0
490.0,11.9,12.0,12.6,13.1,13.9,14.6,15.4,16.1
500.0,11.9,12.0,12.6,13.1,14.0,14.6,15.5,16.2
510.0,11.9,12.0,12.7,13.2,14.0,14.7,15.5,16.3
520.0,12.0,12.1,12.7,13.2,14.1,14.8,15.6,16.3
530.0,12.0,12.1,12.7,13.2,14.1,14.8,15.7,16.4
540.0,12.0,12.1,12.8,13.3,14.1,14.8,15.7,16.4
550.0,12.0,12.1,12.8,13.3,14.2,14.9,15.8,16.5
560.0,12.0,12.2,12.8,13.3,14.2,14.9,15.8,16.5
570.0,12.1,12.2,12.8,13.4,14.3,15.0,15.9,16.6
580.0,12.1,12.2,12.9,13.4,14.3,15.0,15.9,16.6
590.0,12.1,12.2,12.9,13.4,14.3,15.0,15.9,16.7
600.0,12.1,12.2,12.9,13.5,14.4,15.1,16.0,16.7
610.0,12.1,12.3,12.9,13.5,14.4,15.1,16.0,16.8
620.0,12.1,12.3,12.9,13.5,14.4,15.1,16.1,16.8
630.0,12.1,12.3,13.0,13.5,14.5,15.2,16.1,16.9
640.0,12.2,12.3,13.0,13.5,14.5,15.2,16.2,16.9
650.0,12.2,12.3,13.0,13.6,14.5,15.2,16.2,16.9
660.0,12.2,12.3,13.0,13.6,14.5,15.3,16.2,17.0
670.0,12.2,12.4,13.1,13.6,14.6,15.3,16.3,17.0
680.0,12.2,12.4,13.1,13.6,14.6,15.3,16.3,17.0
690.0,12.2,12.4,13.1,13.6,14.6,15.4,16.3,17.1
700.0,12.2,12.4,13.1,13.7,14.6,15.4,16.3,17.1
710.0,12.2,12.4,13.1,13.7,14.7,15.4,16.4,17.1
720.0,12.2,12.4,13.1,13.7,14.7,15.4,16.4,17.1
730.0,12.2,12.4,13.1,13.7,14.7,15.4,16.4,17.2
740.0,12.2,12.4,13.1,13.7,14.7,15.5,16.4,17.2
750.0,12.3,12.4,13.1,13.7,14.7,15.5,16.5,17.2
760.0,12.3,12.4,13.2,13.7,14.7,15.5,16.5,17.2
770.0,12.3,12.4,13.2,13.7,14.8,15.5,16.5,17.3
780.0,12.3,12.5,13.2,13.8,14.8,15.5,16.5,17.3
790.0,12.3,12.5,13.2,13.8,14.8,15.5,16.6,17.3
800.0,12.3,12.5,13.2,13.8,14.8,15.6,16.5,17.3
810.0,12.3,12.5,13.2,13.8,14.8,15.6,16.6,17.3
820.0,12.3,12.4,13.2,13.8,14.8,15.6,16.6,17.4
830.0,12.3,12.5,13.2,13.8,14.8,15.6,16.6,17.4
840.0,12.3,12.5,13.2,13.8,14.8,15.6,16.6,17.4
850.0,12.3,12.5,13.2,13.8,14.8,15.6,16.6,17.4
860.0,12.3,12.5,13.2,13.8,14.8,15.6,16.6,17.4
870.0,12.3,12.5,13.2,13.8,14.8,15.6,16.6,17.4
880.0,12.3,12.5,13.2,13.8,14.9,15.6,16.7,17.4
890.0,12.3,12.5,13.2,13.8,14.9,15.6,16.7,17.5
900.0,12.3,12.5,13.2,13.8,14.9,15.6,16.7,17.5
910.0,12.3,12.5,13.2,13.8,14.9,15.7,16.7,17.5
920.0,12.3,12.5,13.2,13.8,14.9,15.7,16.7,17.5
930.0,12.3,12.5,13.2,13.8,14.9,15.7,16.7,17.5
940.0,12.3,12.5,13.2,13.8,14.9,15.7,16.7,17.5
950.0,12.3,12.5,13.2,13.8,14.9,15.7,16.7,17.5
960.0,12.3,12.5,13.2,13.8,14.9,15.7,16.7,17.5
970.0,12.3,12.5,13.2,13.8,14.9,15.7,16.7,17.5
980.0,12.3,12.5,13.2,13.8,14.9,15.7,16.8,17.5
990.0,12.3,12.5,13.2,13.8,14.9,15.7,16.8,17.5
1000.0,12.3,12.5,13.2,13.8,14.9,15.7,16.8,17.6
1010.0,12.3,12.5,13.2,13.8,14.9,15.7,16.8,17.5
1020.0,12.3,12.5,13.2,13.8,14.9,15.7,16.8,17.6
1030.0,12.3,12.5,13.2,13.8,14.9,15.7,16.8,17.6
1040.0,12.3,12.5,13.3,13.8,14.9,15.7,16.8,17.6
1050.0,12.3,12.5,13.2,13.8,14.9,15.7,16.8,17.6
1060.0,12.3,12.5,13.2,13.8,14.9,15.7,16.8,17.6
1070.0,12.3,12.5,13.2,13.9,14.9,15.7,16.8,17.6
1080.0,12.3,12.5,13.2,13.8,14.9,15.7,16.8,17.6
1090.0,12.3,12.5,13.2,13.8,14.9,15.7,16.8,17.6
1100.0,12.3,12.4,13.2,13.8,14.9,15.7,16.8,17.6
1110.0,12.3,12.5,13.2,13.8,14.9,15.7,16.8,17.6
1120.0,12.3,12.5,13.2,13.8,14.9,15.7,16.8,17.6
1130.0,12.3,12.4,13.2,13.8,14.9,15.7,16.8,17.6
1140.0,12.3,12.4,13.2,13.8,14.9,15.7,16.8,17.6
1150.0,12.3,12.4,13.2,13.8,14.9,15.7,16.8,17.6
1160.0,12.3,12.5,13.2,13.8,14.9,15.7,16.8,17.6
1170.0,12.3,12.4,13.2,13.8,14.9,15.7,16.8,17.6
1180.0,12.3,12.4,13.2,13.8,14.9,15.7,16.8,17.6
1190.0,12.2,12.4,13.2,13.8,14.9,15.7,16.8,17.6
1200.0,12.3,12.4,13.2,13.8,14.9,15.7,16.8,17.6
1210.0,12.3,12.4,13.2,13.8,14.9,15.7,16.8,17.6
1220.0,12.2,12.4,13.2,13.8,14.9,15.7,16.8,17.6
1230.0,12.3,12.4,13.2,13.8,14.9,15.7,16.8,17.6
1240.0,12.2,12.4,13.2,13.8,14.9,15.7,16.8,17.6
1250.0,12.2,12.4,13.2,13.8,14.9,15.7,16.8,17.6
1260.0,12.2,12.4,13.2,13.8,14.9,15.7,16.8,17.6
1270.0,12.2,12.4,13.2,13.8,14.9,15.7,16.8,17.6
1280.0,12.2,12.4,13.2,13.8,14.9,15.7,16.8,17.6
1290.0,12.2,12.4,13.2,13.8,14.9,15.7,16.8,17.6
1300.0,12.2,12.4,13.2,13.8,14.9,15.7,16.8,17.6
1310.0,12.2,12.4,13.2,13.8,14.9,15.7,16.8,17.6
1320.0,12.2,12.4,13.2,13.8,14.9,15.7,16.8,17.6
1330.0,12.2,12.4,13.1,13.8,14.9,15.7,16.8,17.6
1340.0,12.2,12.4,13.2,13.8,14.9,15.7,16.8,17.6
1350.0,12.2,12.4,13.1,13.8,14.9,15.7,16.8,17.6
1360.0,12.2,12.3,13.1,13.7,14.9,15.7,16.8,17.6
1370.0,12.2,12.3,13.1,13.7,14.9,15.7,16.8,17.6
1380.0,12.2,12.3,13.1,13.8,14.9,15.7,16.8,17.6
1390.0,12.2,12.3,13.1,13.7,14.9,15.7,16.8,17.6
1400.0,12.2,12.3,13.1,13.7,14.9,15.7,16.8,17.6
1410.0,12.2,12.3,13.1,13.7,14.9,15.6,16.8,17.6
1420.0,12.1,12.3,13.1,13.7,14.9,15.6,16.8,17.6
1430.0,12.2,12.3,13.1,13.7,14.9,15.6,16.8,17.6
1440.0,12.1,12.3,13.1,13.7,14.9,15.6,16.8,17.6
1450.0,12.1,12.3,13.1,13.7,14.9,15.6,16.8,17.6
1460.0,12.1,12.3,13.1,13.7,14.9,15.6,16.8,17.6
1470.0,12.1,12.3,13.1,13.7,14.8,15.6,16.8,17.6
1480.0,12.1,12.3,13.1,13.7,14.8,15.6,16.8,17.6
1490.0,12.1,12.3,13.1,13.7,14.9,15.6,16.8,17.6
1500.0,12.1,12.3,13.1,13.7,14.8,15.6,16.8,17.6
1510.0,12.1,12.3,13.1,13.7,14.8,15.6,16.8,17.6
1520.0,12.1,12.3,13.1,13.7,14.8,15.6,16.8,17.5
1530.0,12.1,12.3,13.1,13.7,14.8,15.6,16.7,17.5
1540.0,12.1,12.3,13.1,13.7,14.8,15.6,16.7,17.5
1550.0,12.1,12.2,13.1,13.7,14.8,15.6,16.8,17.5
1560.0,12.1,12.2,13.0,13.7,14.8,15.6,16.7,17.5
1570.0,12.1,12.2,13.0,13.6,14.8,15.6,16.7,17.5
