%Time [s]	CH1 [°C]	CH2 [°C]	CH3 [°C]	CH4 [°C]	CH5 [°C]	CH6 [°C]	CH7 [°C]	CH8 [°C]	3/15/2023	2:12 PM
0.0,9.0,8.2,8.1,7.9,8.3,8.0,8.7,8.2
10.0,9.0,8.2,8.1,7.9,8.3,8.0,8.7,8.2
20.0,9.0,8.2,8.1,7.9,8.3,8.0,8.6,8.2
30.0,9.0,8.2,8.1,7.8,8.3,8.0,8.6,8.2
40.0,9.0,8.1,8.0,7.8,8.3,8.0,8.6,8.2
50.0,9.0,8.2,8.0,7.8,8.3,8.0,8.6,8.2
60.0,8.9,8.2,8.0,7.8,8.3,8.0,8.6,8.2
70.0,8.9,8.1,8.0,7.8,8.3,8.0,8.6,8.1
80.0,8.9,8.1,8.0,7.8,8.3,7.9,8.6,8.1
90.0,8.9,8.1,8.0,7.8,8.3,7.9,8.6,8.2
100.0,8.9,8.1,8.0,7.8,8.3,8.0,8.6,8.2
110.0,8.9,8.1,8.0,7.8,8.3,8.0,8.7,8.4
120.0,8.9,8.1,8.0,7.9,8.3,8.1,8.8,8.5
130.0,8.9,8.1,8.0,7.9,8.4,8.2,8.9,8.7
140.0,8.9,8.2,8.1,8.0,8.5,8.3,9.0,8.9
150.0,8.9,8.2,8.2,8.1,8.5,8.5,9.2,9.2
160.0,8.9,8.3,8.2,8.2,8.7,8.7,9.4,9.4
170.0,9.0,8.3,8.3,8.4,8.8,8.9,9.6,9.7
180.0,9.0,8.4,8.5,8.5,9.0,9.1,9.8,9.9
190.0,9.0,8.5,8.5,8.6,9.1,9.3,10.0,10.2
200.0,9.1,8.6,8.7,8.8,9.3,9.5,10.2,10.4
210.0,9.1,8.6,8.8,8.9,9.4,9.7,10.4,10.7
220.0,9.2,8.7,8.9,9.1,9.6,9.9,10.6,10.9
230.0,9.2,8.8,9.0,9.2,9.8,10.1,10.8,11.2
240.0,9.3,8.9,9.1,9.4,9.9,10.3,11.0,11.4
250.0,9.3,9.0,9.3,9.5,10.1,10.5,11.2,11.6
260.0,9.4,9.1,9.4,9.7,10.2,10.7,11.4,11.9
270.0,9.4,9.2,9.5,9.8,10.4,10.9,11.6,12.1
280.0,9.5,9.3,9.6,10.0,10.5,11.0,11.8,12.3
290.0,9.5,9.4,9.7,10.1,10.7,11.2,11.9,12.5
300.0,9.6,9.5,9.8,10.2,10.8,11.4,12.1,12.7
310.0,9.6,9.6,9.9,10.4,11.0,11.5,12.3,12.9
320.0,9.7,9.6,10.0,10.5,11.1,11.7,12.4,13.1
330.0,9.8,9.7,10.1,10.6,11.2,11.8,12.6,13.2
340.0,9.8,9.8,10.2,10.7,11.4,12.0,12.8,13.4
350.0,9.9,9.9,10.3,10.8,11.5,12.2,12.9,13.6
360.0,9.9,10.0,10.4,10.9,11.6,12.3,13.1,13.7
370.0,10.0,10.0,10.5,11.0,11.7,12.4,13.2,13.9
380.0,10.0,10.1,10.6,11.1,11.9,12.5,13.3,14.0
390.0,10.1,10.2,10.7,11.2,12.0,12.7,13.5,14.2
400.0,10.1,10.2,10.8,11.3,12.1,12.8,13.6,14.3
410.0,10.2,10.3,10.8,11.4,12.2,12.9,13.7,14.4
420.0,10.2,10.3,10.9,11.5,12.3,13.0,13.8,14.6
430.0,10.3,10.4,11.0,11.6,12.4,13.1,13.9,14.7
440.0,10.3,10.5,11.0,11.6,12.4,13.2,14.0,14.8
450.0,10.3,10.5,11.1,11.7,12.5,13.3,14.1,14.9
460.0,10.4,10.6,11.2,11.8,12.6,13.4,14.2,15.0
470.0,10.4,10.6,11.2,11.9,12.7,13.5,14.3,15.1
480.0,10.4,10.7,11.3,11.9,12.8,13.5,14.4,15.2
490.0,10.5,10.7,11.3,12.0,12.9,13.6,14.5,15.3
500.0,10.5,10.7,11.4,12.0,12.9,13.7,14.6,15.4
510.0,10.5,10.8,11.4,12.1,13.0,13.8,14.7,15.5
520.0,10.6,10.8,11.5,12.2,13.1,13.9,14.7,15.6
530.0,10.6,10.9,11.5,12.2,13.1,13.9,14.8,15.6
540.0,10.6,10.9,11.6,12.3,13.2,14.0,14.9,15.7
550.0,10.6,10.9,11.6,12.3,13.2,14.0,15.0,15.8
560.0,10.7,11.0,11.7,12.4,13.3,14.1,15.0,15.9
570.0,10.7,11.0,11.7,12.4,13.3,14.2,15.1,16.0
580.0,10.7,11.0,11.7,12.4,13.4,14.2,15.2,16.0
590.0,10.7,11.1,11.8,12.5,13.4,14.3,15.2,16.1
600.0,10.8,11.1,11.8,12.5,13.5,14.3,15.3,16.2
610.0,10.8,11.1,11.8,12.6,13.5,14.4,15.3,16.2
620.0,10.8,11.2,11.9,12.6,13.6,14.4,15.4,16.3
630.0,10.8,11.2,11.9,12.6,13.6,14.5,15.4,16.3
640.0,10.8,11.2,11.9,12.7,13.7,14.5,15.5,16.4
650.0,10.8,11.2,12.0,12.7,13.7,14.5,15.5,16.4
660.0,10.9,11.2,12.0,12.7,13.8,14.6,15.6,16.5
670.0,10.9,11.3,12.0,12.8,13.8,14.6,15.6,16.5
680.0,10.9,11.3,12.0,12.8,13.8,14.7,15.7,16.6
690.0,10.9,11.3,12.1,12.8,13.9,14.7,15.7,16.6
700.0,10.9,11.3,12.1,12.9,13.9,14.8,15.8,16.7
710.0,11.0,11.3,12.1,12.9,13.9,14.8,15.8,16.7
720.0,11.0,11.4,12.1,12.9,14.0,14.8,15.8,16.8
730.0,11.0,11.4,12.2,12.9,14.0,14.8,15.9,16.8
740.0,11.0,11.4,12.2,13.0,14.0,14.9,15.9,16.8
750.0,11.0,11.4,12.2,13.0,14.0,14.9,16.0,16.9
760.0,11.0,11.4,12.2,13.0,14.1,14.9,16.0,16.9
770.0,11.0,11.5,12.2,13.0,14.1,15.0,16.0,16.9
780.0,11.1,11.5,12.3,13.1,14.1,15.0,16.0,17.0
790.0,11.1,11.5,12.3,13.1,14.2,15.0,16.1,17.0
800.0,11.1,11.5,12.3,13.1,14.2,15.0,16.1,17.0
810.0,11.1,11.5,12.3,13.1,14.2,15.1,16.1,17.1
820.0,11.1,11.5,12.3,13.1,14.2,15.1,16.2,17.1
830.0,11.1,11.5,12.3,13.1,14.2,15.1,16.2,17.1
840.0,11.1,11.6,12.3,13.2,14.3,15.1,16.2,17.1
850.0,11.1,11.5,12.4,13.2,14.3,15.1,16.2,17.2
860.0,11.1,11.6,12.4,13.2,14.3,15.2,16.2,17.2
870.0,11.2,11.6,12.4,13.2,14.3,15.2,16.3,17.2
880.0,11.2,11.6,12.4,13.2,14.3,15.2,16.3,17.2
890.0,11.2,11.6,12.4,13.2,14.3,15.2,16.3,17.2
900.0,11.2,11.6,12.4,13.2,14.4,15.3,16.3,17.3
910.0,11.2,11.6,12.4,13.2,14.4,15.3,16.3,17.3
920.0,11.2,11.6,12.4,13.3,14.4,15.3,16.4,17.3
930.0,11.2,11.6,12.5,13.3,14.4,15.3,16.4,17.3
940.0,11.2,11.6,12.5,13.3,14.4,15.3,16.4,17.4
950.0,11.2,11.6,12.5,13.3,14.4,15.3,16.4,17.4
960.0,11.2,11.7,12.5,13.3,14.4,15.3,16.4,17.4
970.0,11.2,11.7,12.5,13.3,14.5,15.3,16.5,17.4
980.0,11.2,11.7,12.5,13.3,14.5,15.4,16.5,17.4
990.0,11.3,11.7,12.5,13.3,14.5,15.4,16.5,17.4
1000.0,11.3,11.7,12.5,13.3,14.5,15.4,16.5,17.5
1010.0,11.2,11.7,12.5,13.4,14.5,15.4,16.5,17.5
1020.0,11.3,11.7,12.5,13.4,14.5,15.4,16.5,17.5
1030.0,11.3,11.7,12.5,13.4,14.5,15.4,16.5,17.5
1040.0,11.3,11.7,12.5,13.4,14.5,15.4,16.6,17.5
1050.0,11.3,11.7,12.6,13.4,14.5,15.4,16.6,17.5
1060.0,11.3,11.7,12.6,13.4,14.5,15.4,16.6,17.5
1070.0,11.3,11.7,12.6,13.4,14.6,15.5,16.6,17.5
1080.0,11.3,11.7,12.6,13.4,14.6,15.5,16.6,17.6
1090.0,11.3,11.7,12.6,13.4,14.6,15.5,16.6,17.6
1100.0,11.3,11.7,12.6,13.4,14.6,15.5,16.6,17.6
1110.0,11.3,11.7,12.6,13.4,14.6,15.5,16.6,17.6
1120.0,11.3,11.7,12.6,13.4,14.6,15.5,16.6,17.6
1130.0,11.3,11.7,12.6,13.4,14.6,15.5,16.6,17.6
1140.0,11.3,11.7,12.6,13.4,14.6,15.5,16.7,17.6
1150.0,11.3,11.7,12.6,13.4,14.6,15.5,16.7,17.6
1160.0,11.3,11.7,12.6,13.4,14.6,15.5,16.7,17.6
1170.0,11.3,11.7,12.6,13.5,14.6,15.5,16.7,17.6
1180.0,11.3,11.7,12.6,13.5,14.6,15.5,16.7,17.7
1190.0,11.3,11.8,12.6,13.5,14.6,15.5,16.7,17.7
1200.0,11.3,11.7,12.6,13.5,14.7,15.6,16.7,17.7
1210.0,11.3,11.7,12.6,13.5,14.7,15.6,16.7,17.7
1220.0,11.3,11.8,12.6,13.5,14.7,15.6,16.7,17.7
1230.0,11.3,11.8,12.6,13.5,14.7,15.6,16.7,17.7
1240.0,11.3,11.8,12.6,13.5,14.7,15.6,16.7,17.7
1250.0,11.3,11.8,12.6,13.5,14.7,15.6,16.7,17.7
1260.0,11.3,11.8,12.6,13.5,14.7,15.6,16.8,17.7
1270.0,11.3,11.8,12.7,13.5,14.7,15.6,16.8,17.7
1280.0,11.4,11.8,12.7,13.5,14.7,15.6,16.8,17.7
1290.0,11.4,11.8,12.7,13.5,14.7,15.6,16.8,17.7
1300.0,11.4,11.8,12.7,13.5,14.7,15.6,16.8,17.8
1310.0,11.4,11.8,12.7,13.5,14.7,15.6,16.8,17.8
1320.0,11.4,11.8,12.7,13.5,14.7,15.6,16.8,17.8
1330.0,11.4,11.8,12.7,13.5,14.7,15.6,16.8,17.8
1340.0,11.4,11.8,12.7,13.5,14.7,15.6,16.8,17.8
1350.0,11.4,11.8,12.7,13.5,14.7,15.6,16.8,17.8
1360.0,11.4,11.8,12.7,13.5,14.7,15.6,16.8,17.8
1370.0,11.4,11.8,12.7,13.5,14.7,15.6,16.8,17.8
1380.0,11.4,11.8,12.7,13.5,14.7,15.6,16.8,17.8
1390.0,11.4,11.8,12.7,13.5,14.7,15.6,16.9,17.8
1400.0,11.4,11.8,12.7,13.5,14.7,15.6,16.8,17.8
1410.0,11.4,11.8,12.7,13.5,14.7,15.6,16.8,17.8
1420.0,11.4,11.8,12.7,13.5,14.7,15.6,16.8,17.8
1430.0,11.4,11.8,12.7,13.5,14.7,15.6,16.9,17.8
1440.0,11.4,11.8,12.7,13.5,14.7,15.6,16.8,17.8
1450.0,11.4,11.8,12.7,13.5,14.8,15.7,16.9,17.8
1460.0,11.4,11.8,12.7,13.5,14.7,15.7,16.8,17.8
1470.0,11.4,11.8,12.7,13.6,14.8,15.7,16.9,17.8
1480.0,11.4,11.8,12.7,13.6,14.8,15.7,16.9,17.9
1490.0,11.4,11.8,12.7,13.6,14.8,15.7,16.9,17.8
1500.0,11.4,11.8,12.7,13.6,14.8,15.7,16.9,17.8
1510.0,11.4,11.8,12.7,13.6,14.8,15.7,16.9,17.9
1520.0,11.4,11.8,12.7,13.6,14.8,15.7,16.9,17.9
1530.0,11.4,11.8,12.7,13.6,14.8,15.7,16.9,17.9
1540.0,11.4,11.8,12.7,13.5,14.8,15.7,16.9,17.8
1550.0,11.4,11.8,12.7,13.6,14.8,15.7,16.9,17.9
1560.0,11.4,11.8,12.7,13.6,14.8,15.7,16.9,17.9
1570.0,11.4,11.8,12.7,13.6,14.8,15.7,16.9,17.9
1580.0,11.4,11.8,12.7,13.6,14.8,15.7,16.9,17.9
1590.0,11.4,11.8,12.7,13.6,14.8,15.7,16.9,17.9
1600.0,11.4,11.9,12.7,13.6,14.8,15.7,16.9,17.9
1610.0,11.4,11.8,12.7,13.6,14.8,15.7,16.9,17.9
1620.0,11.4,11.8,12.7,13.6,14.8,15.7,16.9,17.9
1630.0,11.4,11.9,12.7,13.6,14.8,15.7,16.9,17.9
1640.0,11.4,11.8,12.7,13.6,14.8,15.7,16.9,17.9
1650.0,11.4,11.8,12.7,13.6,14.8,15.7,16.9,17.9
1660.0,11.4,11.8,12.7,13.6,14.8,15.7,16.9,17.9
1670.0,11.4,11.8,12.7,13.6,14.8,15.7,16.9,17.9
1680.0,11.4,11.8,12.7,13.6,14.8,15.7,16.9,17.9
1690.0,11.4,11.8,12.7,13.6,14.8,15.7,16.9,17.9
1700.0,11.4,11.8,12.7,13.6,14.8,15.7,16.9,17.9
1710.0,11.4,11.8,12.7,13.6,14.8,15.7,16.9,17.9
1720.0,11.4,11.8,12.7,13.6,14.8,15.7,16.9,17.9
1730.0,11.4,11.8,12.7,13.6,14.8,15.7,16.9,17.9
1740.0,11.4,11.9,12.7,13.6,14.8,15.7,16.9,17.9
1750.0,11.4,11.8,12.7,13.6,14.8,15.7,16.9,17.9
1760.0,11.4,11.9,12.7,13.6,14.8,15.7,16.9,17.9
1770.0,11.4,11.8,12.7,13.6,14.8,15.7,16.9,17.9
1780.0,11.4,11.8,12.7,13.6,14.8,15.7,16.9,17.9
1790.0,11.4,11.8,12.7,13.6,14.8,15.7,16.9,17.9
1800.0,11.4,11.8,12.7,13.6,14.8,15.7,16.9,17.9
1810.0,11.4,11.8,12.7,13.6,14.8,15.7,16.9,17.9
1820.0,11.4,11.8,12.7,13.6,14.8,15.7,16.9,17.9
1830.0,11.4,11.8,12.7,13.6,14.8,15.7,16.9,17.9
1840.0,11.4,11.8,12.7,13.6,14.8,15.7,16.9,17.9
1850.0,11.4,11.8,12.7,13.6,14.8,15.7,16.9,17.9
1860.0,11.4,11.8,12.7,13.6,14.8,15.7,16.9,17.9
1870.0,11.4,11.8,12.7,13.6,14.8,15.7,16.9,17.9
1880.0,11.4,11.8,12.7,13.6,14.8,15.7,16.9,17.9
